754.00
10
114898380
105957017
0 1 1 22 116.00 9 (D 0,1,1) (S 8,16,16) (S 35,1,19) (S 21,1,24) (S 28,14,20) (S 43,3,8) (D 0,1,1)
0 1 2 20 92.00 8 (D 0,1,1) (S 20,13,15) (S 42,24,27) (S 29,3,6) (S 24,6,7) (D 0,1,1)
0 1 3 26 77.00 9 (D 0,1,1) (S 26,14,18) (S 33,15,20) (S 3,4,4) (S 12,1,2) (S 44,21,25) (D 0,1,1)
0 1 4 23 51.00 6 (D 0,1,1) (S 1,2,2) (S 41,6,9) (S 17,1,15) (D 0,1,1)
0 1 5 25 67.00 5 (D 0,1,1) (S 27,6,10) (S 9,18,18) (S 10,21,21) (D 0,1,1)
0 1 6 18 100.00 8 (D 0,1,1) (S 22,23,26) (S 11,26,26) (S 6,10,10) (S 15,5,9) (D 0,1,1)
0 1 7 15 84.00 7 (D 0,1,1) (S 5,6,6) (S 14,4,10) (S 34,3,4) (S 7,14,14) (D 0,1,1)
0 1 8 16 56.00 7 (D 0,1,1) (S 19,1,17) (S 38,8,9) (S 32,13,14) (S 30,12,13) (D 0,1,1)
0 1 9 17 49.00 7 (D 0,1,1) (S 39,22,25) (S 13,1,27) (S 25,25,26) (S 2,3,3) (D 0,1,1)
0 1 10 25 57.00 6 (D 0,1,1) (S 23,15,17) (S 4,5,5) (S 16,4,6) (D 0,1,1)